30
1
2
0 0 24 24 0 -1
8 8 8 8 0 9
haar_point
1.219753e+000 0 -1
-2.004630e-001 6.358171e-001 
1
2
3 9 18 6 0 -1
3 9 9 6 0 2
haar_x2
-1.713953e-001 0 -1
7.662201e-001 -1.177092e-001 
1
2
3 18 17 6 0 -1
3 21 17 3 0 2
haar_y2
-5.872998e-002 0 -1
4.488125e-001 -1.729329e-001 
1
2
4 0 20 3 0 -1
9 0 10 3 0 2
haar_x4
-1.721443e-002 0 -1
-5.401829e-001 5.167526e-002 
1
2
4 0 16 6 0 -1
4 3 16 3 0 2
haar_y2
4.004472e-002 0 -1
-1.940946e-001 3.768429e-001 
1
2
21 0 1 18 0 -1
21 6 1 6 0 3
haar_y3
4.894403e-002 0 -1
1.438686e-002 5.995322e-001 
1
2
2 0 1 18 0 -1
2 6 1 6 0 3
haar_y3
1.149420e-002 0 -1
1.471185e-001 -6.182132e-001 
1
2
21 3 2 5 0 -1
21 3 1 5 0 2
tilted_haar_y2
-1.875130e-002 0 -1
-9.316426e-001 1.116204e-002 
1
2
12 1 1 12 0 -1
12 1 1 6 0 2
tilted_haar_y2
1.785299e-002 0 -1
1.123422e-001 -6.555523e-001 
1
2
3 7 21 16 0 -1
3 15 21 8 0 2
haar_y2
-1.884635e-001 0 -1
1.449496e-001 -3.610043e-001 
1
2
12 0 12 4 0 -1
12 0 12 2 0 2
tilted_haar_y2
-4.537220e-002 0 -1
4.727573e-001 -1.466846e-001 
1
2
18 1 4 5 0 -1
18 1 2 5 0 2
tilted_haar_y2
-4.883030e-002 0 -1
-6.097071e-001 4.651926e-002 
1
2
0 8 24 13 0 -1
8 8 8 13 0 3
haar_x3
-1.806885e-001 0 -1
4.450565e-001 -1.583528e-001 
1
2
14 4 10 16 0 -1
14 4 5 16 0 2
haar_x2
5.637859e-002 0 -1
-1.805010e-001 2.876160e-001 
1
2
0 0 12 5 0 -1
6 0 6 5 0 2
haar_x2
-1.052132e-002 0 -1
-5.398358e-001 1.073609e-001 
1
3
6 4 12 12 0 -1
12 4 6 6 0 2
6 10 6 6 0 2
haar_x2_y2
8.215588e-002 0 -1
-1.002979e-001 6.456279e-001 
1
2
8 13 6 3 0 -1
8 14 6 1 0 3
haar_y3
-2.249003e-003 0 -1
-4.495017e-001 1.510838e-001 
1
2
23 0 1 18 0 -1
23 9 1 9 0 2
haar_y2
2.502461e-002 0 -1
-2.922850e-002 2.488766e-001 
1
2
0 0 1 18 0 -1
0 9 1 9 0 2
haar_y2
8.663367e-003 0 -1
1.234425e-001 -4.944724e-001 
1
2
3 16 21 2 0 -1
3 17 21 1 0 2
haar_y2
6.073729e-004 0 -1
9.996215e-002 -4.101024e-001 
1
2
8 0 3 4 0 -1
9 0 1 4 0 3
haar_x3
-2.646434e-003 0 -1
-7.788284e-001 5.443690e-002 
1
2
6 21 12 3 0 -1
10 21 4 3 0 3
haar_x3
-2.987253e-002 0 -1
-6.568075e-001 6.362870e-002 
1
2
0 14 20 10 0 -1
5 14 10 10 0 2
haar_x4
-6.348747e-002 0 -1
2.976360e-001 -1.732966e-001 
1
2
14 4 10 17 0 -1
14 4 5 17 0 2
haar_x2
9.976195e-002 0 -1
-6.485806e-002 2.219637e-001 
1
2
0 5 10 16 0 -1
5 5 5 16 0 2
haar_x2
7.995435e-002 0 -1
-1.561541e-001 4.127813e-001 
1
2
20 4 2 4 0 -1
20 4 1 4 0 2
tilted_haar_y2
-1.639120e-005 0 -1
1.560222e-001 -1.707690e-001 
1
2
12 1 11 6 0 -1
10 3 11 2 0 3
tilted_haar_y3
-4.774111e-002 0 -1
6.787882e-001 -8.743501e-002 
1
2
20 4 2 4 0 -1
20 4 1 4 0 2
tilted_haar_y2
-1.545767e-002 0 -1
-8.458731e-001 2.873162e-002 
1
2
4 4 4 2 0 -1
4 4 4 1 0 2
tilted_haar_y2
6.144676e-003 0 -1
7.150476e-002 -7.574801e-001 
1
2
3 0 19 16 0 -1
3 4 19 8 0 2
haar_y4
1.024318e-001 0 -1
-2.345859e-001 2.369309e-001 
-1.257110e+000

6
-1
