9
1
2
5 14 14 10 0 -1
5 19 14 5 0 2
haar_y2
-7.400324e-002 0 -1
5.242269e-001 -5.136790e-001 
1
2
4 6 20 8 0 -1
4 6 10 8 0 2
haar_x2
-1.218941e-001 0 -1
6.079766e-001 -1.562071e-001 
1
2
0 6 24 7 0 -1
6 6 12 7 0 2
haar_x4
1.189213e-001 0 -1
-3.847515e-001 8.177601e-001 
1
2
18 1 3 8 0 -1
19 1 1 8 0 3
haar_x3
5.677976e-003 0 -1
2.444353e-001 -7.919039e-001 
1
2
12 2 12 10 0 -1
12 2 12 5 0 2
tilted_haar_y2
1.495708e-001 0 -1
-2.638897e-001 6.031407e-001 
1
3
5 2 16 16 0 -1
13 2 8 8 0 2
5 10 8 8 0 2
haar_x2_y2
9.213591e-002 0 -1
-1.602776e-001 5.410982e-001 
1
2
3 1 3 8 0 -1
4 1 1 8 0 3
haar_x3
4.553336e-003 0 -1
1.693620e-001 -8.527893e-001 
1
2
15 0 3 1 0 -1
16 0 1 1 0 3
haar_x3
1.325299e-003 0 -1
9.227803e-002 -9.055701e-001 
1
2
6 0 3 1 0 -1
7 0 1 1 0 3
haar_x3
9.371972e-004 0 -1
1.092033e-001 -8.667926e-001 
-1.138147e+000

1
-1
