37
1
2
5 17 14 6 0 -1
5 20 14 3 0 2
haar_y2
-1.585142e-002 0 -1
1.973935e-001 -4.266204e-001 
1
2
0 6 24 7 0 -1
6 6 12 7 0 2
haar_x4
1.245788e-001 0 -1
-2.115022e-001 4.141926e-001 
1
2
11 3 13 8 0 -1
11 3 13 4 0 2
tilted_haar_y2
2.262082e-001 0 -1
-1.047189e-001 6.409129e-001 
1
2
18 0 6 3 0 -1
18 0 3 3 0 2
tilted_haar_y2
1.009211e-002 0 -1
4.792491e-002 -4.115534e-001 
1
2
6 0 3 6 0 -1
6 0 3 3 0 2
tilted_haar_y2
5.913739e-003 0 -1
1.330748e-001 -4.815508e-001 
1
2
12 1 4 12 0 -1
12 1 2 12 0 2
tilted_haar_y2
3.787786e-002 0 -1
-1.310201e-002 5.124949e-001 
1
2
12 1 12 4 0 -1
12 1 12 2 0 2
tilted_haar_y2
4.529071e-002 0 -1
-1.195529e-001 5.729061e-001 
1
2
2 10 22 12 0 -1
2 10 11 12 0 2
haar_x2
-4.419092e-001 0 -1
7.397833e-001 -4.266221e-002 
1
2
2 7 12 15 0 -1
8 7 6 15 0 2
haar_x2
2.207986e-001 0 -1
-8.913507e-002 6.478351e-001 
1
2
18 1 6 17 0 -1
18 1 3 17 0 2
haar_x2
4.360816e-002 0 -1
-1.356357e-001 3.840563e-001 
1
2
10 12 4 3 0 -1
12 12 2 3 0 2
haar_x2
-4.316164e-003 0 -1
4.066255e-001 -1.322207e-001 
1
2
4 18 16 3 0 -1
4 19 16 1 0 3
haar_y3
1.375859e-002 0 -1
6.546075e-002 -7.761157e-001 
1
2
0 1 6 14 0 -1
3 1 3 14 0 2
haar_x2
5.053610e-002 0 -1
-5.579670e-002 6.730981e-001 
1
2
19 2 4 11 0 -1
19 2 2 11 0 2
tilted_haar_y2
-4.351355e-003 0 -1
7.321648e-002 -9.942135e-002 
1
2
1 0 9 24 0 -1
1 12 9 12 0 2
haar_y2
-3.986545e-002 0 -1
2.216734e-001 -2.349442e-001 
1
2
15 8 8 8 0 -1
15 12 8 4 0 2
haar_y2
9.753555e-003 0 -1
-2.187271e-002 1.683290e-001 
1
2
2 1 18 9 0 -1
11 1 9 9 0 2
haar_x2
4.077254e-002 0 -1
-2.636869e-001 1.948506e-001 
1
2
7 1 10 12 0 -1
7 4 10 6 0 2
haar_y4
-3.899577e-002 0 -1
4.879192e-001 -9.851670e-002 
1
2
3 14 14 5 0 -1
10 14 7 5 0 2
haar_x2
2.965284e-003 0 -1
2.356009e-001 -2.123348e-001 
1
2
19 2 4 9 0 -1
19 2 2 9 0 2
tilted_haar_y2
-6.767960e-002 0 -1
-3.280104e-001 3.118170e-002 
1
2
5 2 9 4 0 -1
5 2 9 2 0 2
tilted_haar_y2
-2.846062e-002 0 -1
-6.859123e-001 7.192297e-002 
1
2
20 21 1 3 0 -1
20 22 1 1 0 3
haar_y3
-1.952464e-003 0 -1
-5.892863e-001 1.644427e-002 
1
2
0 9 3 3 0 -1
0 10 3 1 0 3
haar_y3
2.958455e-003 0 -1
6.026037e-002 -6.999732e-001 
1
2
20 21 1 3 0 -1
20 22 1 1 0 3
haar_y3
2.805543e-003 0 -1
6.021389e-003 -9.569650e-001 
1
2
3 21 1 3 0 -1
3 22 1 1 0 3
haar_y3
-3.382503e-004 0 -1
-3.095458e-001 1.449494e-001 
1
2
7 17 13 6 0 -1
7 19 13 2 0 3
haar_y3
4.032778e-003 0 -1
-1.514924e-001 2.393351e-001 
1
2
1 15 20 6 0 -1
1 18 20 3 0 2
haar_y2
-2.319700e-002 0 -1
1.361130e-001 -3.388996e-001 
1
2
12 6 12 17 0 -1
12 6 6 17 0 2
haar_x2
1.601647e-001 0 -1
-7.224829e-002 2.947113e-001 
1
2
3 4 18 6 0 -1
9 6 6 2 0 9
haar_point
-1.614404e-002 0 -1
2.901984e-001 -1.614583e-001 
1
2
3 1 20 12 0 -1
3 4 20 6 0 2
haar_y4
6.436366e-002 0 -1
-1.755412e-001 2.217151e-001 
1
2
4 1 16 9 0 -1
4 4 16 3 0 3
haar_y3
-3.083380e-002 0 -1
3.366249e-001 -1.287172e-001 
1
2
9 6 14 8 0 -1
9 8 14 4 0 2
haar_y4
8.980944e-003 0 -1
-1.145417e-001 1.033096e-001 
1
2
1 6 14 8 0 -1
1 8 14 4 0 2
haar_y4
4.218394e-002 0 -1
9.787302e-002 -5.325209e-001 
1
2
4 5 20 14 0 -1
9 5 10 14 0 2
haar_x4
-1.301136e-001 0 -1
2.036724e-001 -6.009236e-002 
1
2
0 5 20 14 0 -1
5 5 10 14 0 2
haar_x4
1.303401e-001 0 -1
-1.264762e-001 3.754139e-001 
1
2
2 11 22 10 0 -1
2 11 11 10 0 2
haar_x2
-3.978690e-001 0 -1
7.555553e-001 -1.836433e-002 
1
2
4 8 11 16 0 -1
4 12 11 8 0 2
haar_y4
-1.196940e-001 0 -1
7.531123e-001 -5.024721e-002 
-1.048038e+000

13
-1
