12
1
2
0 12 21 12 0 -1
0 18 21 6 0 2
haar_y2
-9.406401e-002 0 -1
4.017490e-001 -6.558181e-001 
1
2
0 0 24 24 0 -1
8 8 8 8 0 9
haar_point
1.172183e+000 0 -1
-2.263667e-001 8.331810e-001 
1
3
2 0 20 16 0 -1
2 0 10 8 0 2
12 8 10 8 0 2
haar_x2_y2
1.702803e-001 0 -1
-1.290867e-001 8.335608e-001 
1
2
3 0 18 16 0 -1
3 4 18 8 0 2
haar_y4
1.059867e-001 0 -1
-2.929231e-001 4.728206e-001 
1
2
0 4 20 20 0 -1
5 4 10 20 0 2
haar_x4
-1.014864e-001 0 -1
4.725963e-001 -2.441467e-001 
1
2
0 5 24 18 0 -1
6 5 12 18 0 2
haar_x4
1.504429e-001 0 -1
-2.319882e-001 5.844519e-001 
1
2
0 0 24 1 0 -1
12 0 12 1 0 2
haar_x2
7.866032e-003 0 -1
1.951635e-001 -5.489171e-001 
1
2
2 0 22 4 0 -1
2 0 11 4 0 2
haar_x2
3.240766e-002 0 -1
1.502674e-001 -7.636427e-001 
1
2
4 11 4 3 0 -1
4 12 4 1 0 3
haar_y3
-3.111020e-003 0 -1
-8.058375e-001 1.341827e-001 
1
2
9 13 15 3 0 -1
9 14 15 1 0 3
haar_y3
-3.977911e-003 0 -1
-4.283243e-001 1.002543e-001 
1
2
10 1 14 4 0 -1
10 1 14 2 0 2
tilted_haar_y2
5.274299e-002 0 -1
-1.293565e-001 7.075016e-001 
1
2
6 7 18 10 0 -1
12 7 6 10 0 3
haar_x3
-1.199856e-001 0 -1
4.514019e-001 -7.366013e-002 
-1.259821e+000

2
-1
