41
1
2
0 16 22 8 0 -1
11 16 11 8 0 2
haar_x2
6.620478e-002 0 -1
-2.719948e-001 3.911352e-001 
1
2
1 2 22 10 0 -1
1 7 22 5 0 2
haar_y2
6.888291e-002 0 -1
-3.270739e-001 2.334367e-001 
1
2
3 16 13 8 0 -1
3 20 13 4 0 2
haar_y2
-6.648347e-002 0 -1
2.532233e-001 -2.273819e-001 
1
2
23 0 1 18 0 -1
23 9 1 9 0 2
haar_y2
-3.053323e-002 0 -1
-8.661212e-001 2.510193e-002 
1
2
0 0 1 18 0 -1
0 9 1 9 0 2
haar_y2
4.598750e-003 0 -1
1.529713e-001 -3.844922e-001 
1
2
12 0 4 10 0 -1
12 0 2 10 0 2
tilted_haar_y2
-1.024864e-001 0 -1
5.023569e-001 -2.487906e-002 
1
2
12 0 10 4 0 -1
12 0 10 2 0 2
tilted_haar_y2
3.584611e-002 0 -1
-9.301001e-002 5.893306e-001 
1
2
14 1 4 7 0 -1
15 2 2 7 0 2
tilted_haar_y4
-7.165479e-003 0 -1
2.394276e-001 -6.320228e-002 
1
2
0 0 13 6 0 -1
0 3 13 3 0 2
haar_y2
5.949480e-004 0 -1
-3.195384e-001 1.243093e-001 
1
2
0 0 24 1 0 -1
0 0 12 1 0 2
haar_x2
-8.056370e-003 0 -1
-4.972068e-001 1.324804e-001 
1
2
0 0 2 16 0 -1
0 4 2 8 0 2
haar_y4
1.640033e-002 0 -1
3.968085e-002 -6.473984e-001 
1
2
6 18 18 6 0 -1
6 18 9 6 0 2
haar_x2
-4.574717e-002 0 -1
1.181040e-001 -8.784296e-002 
1
2
0 0 20 24 0 -1
5 0 10 24 0 2
haar_x4
2.579585e-001 0 -1
-1.039478e-001 4.972397e-001 
1
2
5 11 19 8 0 -1
5 15 19 4 0 2
haar_y2
-2.962397e-002 0 -1
1.274762e-001 -3.018870e-001 
1
2
3 3 18 18 0 -1
3 12 18 9 0 2
haar_y2
2.782078e-001 0 -1
-7.271190e-002 7.141811e-001 
1
2
12 3 3 12 0 -1
13 4 1 12 0 3
tilted_haar_y3
4.370545e-003 0 -1
-4.162545e-002 1.556592e-001 
1
2
12 3 12 3 0 -1
11 4 12 1 0 3
tilted_haar_y3
5.879934e-003 0 -1
-1.779313e-001 2.644171e-001 
1
2
4 1 17 8 0 -1
4 3 17 4 0 2
haar_y4
3.732328e-002 0 -1
-9.576523e-002 3.860881e-001 
1
2
2 4 1 20 0 -1
2 9 1 10 0 2
haar_y4
-9.821922e-004 0 -1
-3.814808e-001 1.343999e-001 
1
2
16 18 5 6 0 -1
16 20 5 2 0 3
haar_y3
-3.014407e-003 0 -1
9.721314e-002 -8.917971e-002 
1
2
1 9 18 10 0 -1
10 9 9 10 0 2
haar_x2
2.853699e-001 0 -1
-5.231231e-002 6.086366e-001 
1
2
3 10 18 2 0 -1
9 10 6 2 0 3
haar_x3
-5.322616e-003 0 -1
2.594827e-001 -1.437943e-001 
1
2
6 0 12 12 0 -1
10 0 4 12 0 3
haar_x3
2.900447e-002 0 -1
-1.336202e-001 2.618097e-001 
1
2
16 18 5 6 0 -1
16 20 5 2 0 3
haar_y3
4.917401e-002 0 -1
6.260101e-003 -9.999990e-001 
1
2
5 2 3 5 0 -1
6 2 1 5 0 3
haar_x3
-3.094217e-003 0 -1
-6.469468e-001 5.260908e-002 
1
2
16 18 5 6 0 -1
16 20 5 2 0 3
haar_y3
1.193256e-002 0 -1
-3.420714e-002 1.539055e-001 
1
2
0 22 11 2 0 -1
0 23 11 1 0 2
haar_y2
9.909030e-004 0 -1
1.239403e-001 -2.938915e-001 
1
2
6 18 15 6 0 -1
6 21 15 3 0 2
haar_y2
3.520083e-002 0 -1
-6.183887e-002 5.714000e-001 
1
2
6 10 8 6 0 -1
8 12 4 6 0 2
tilted_haar_x4
1.985573e-003 0 -1
-2.256779e-001 1.617103e-001 
1
2
2 4 20 9 0 -1
2 7 20 3 0 3
haar_y3
4.087171e-002 0 -1
-1.842995e-001 2.139648e-001 
1
2
10 0 4 5 0 -1
11 0 2 5 0 2
haar_x4
3.951655e-003 0 -1
4.460303e-002 -7.930378e-001 
1
2
11 11 7 3 0 -1
11 12 7 1 0 3
haar_y3
5.880237e-003 0 -1
3.393245e-002 -4.264080e-001 
1
2
10 11 4 4 0 -1
10 12 4 2 0 2
haar_y4
7.981971e-004 0 -1
-1.715213e-001 2.223326e-001 
1
2
4 8 16 11 0 -1
4 8 8 11 0 2
haar_x2
-2.625635e-001 0 -1
5.785339e-001 -5.580247e-002 
1
2
0 9 11 3 0 -1
0 10 11 1 0 3
haar_y3
-6.399800e-004 0 -1
-2.313007e-001 1.452866e-001 
1
2
12 0 4 12 0 -1
13 1 2 12 0 2
tilted_haar_y4
3.461906e-002 0 -1
-2.152132e-002 5.974718e-001 
1
2
12 0 12 4 0 -1
11 1 12 2 0 2
tilted_haar_y4
-1.451621e-002 0 -1
4.570890e-001 -7.152942e-002 
1
2
12 0 3 12 0 -1
13 1 1 12 0 3
tilted_haar_y3
-3.961860e-002 0 -1
6.913826e-001 5.638377e-004 
1
2
8 8 5 6 0 -1
6 10 5 2 0 3
tilted_haar_y3
2.687955e-003 0 -1
-1.890876e-001 1.887279e-001 
1
2
1 4 22 20 0 -1
1 14 22 10 0 2
haar_y2
-4.638928e-001 0 -1
3.109221e-001 -1.168366e-001 
1
2
6 14 8 2 0 -1
6 14 4 2 0 2
tilted_haar_x2
3.607468e-002 0 -1
1.173242e-001 -3.719595e-001 
-1.047020e+000

11
-1
