32
1
2
0 0 22 12 0 -1
0 6 22 6 0 2
haar_y2
7.561205e-002 0 -1
-4.830961e-001 2.623222e-001 
1
2
22 0 2 8 0 -1
22 4 2 4 0 2
haar_y2
7.857211e-003 0 -1
1.032059e-001 -2.998163e-001 
1
2
8 0 4 8 0 -1
8 0 4 4 0 2
tilted_haar_y2
-1.389459e-002 0 -1
-4.920571e-001 1.902239e-001 
1
2
4 16 19 8 0 -1
4 20 19 4 0 2
haar_y2
-8.579168e-002 0 -1
2.720174e-001 -2.807380e-001 
1
2
0 0 14 1 0 -1
7 0 7 1 0 2
haar_x2
4.969273e-003 0 -1
1.358436e-001 -5.983126e-001 
1
2
5 0 16 11 0 -1
5 0 8 11 0 2
haar_x2
-6.699340e-002 0 -1
3.397688e-001 -1.753094e-001 
1
2
0 6 24 10 0 -1
6 6 12 10 0 2
haar_x4
2.394263e-001 0 -1
-1.727065e-001 6.189106e-001 
1
3
6 2 16 10 0 -1
14 2 8 5 0 2
6 7 8 5 0 2
haar_x2_y2
9.412715e-002 0 -1
-3.791672e-002 4.296840e-001 
1
2
2 7 16 15 0 -1
6 7 8 15 0 2
haar_x4
-5.235010e-002 0 -1
3.422871e-001 -2.303452e-001 
1
2
18 0 6 24 0 -1
18 8 6 8 0 3
haar_y3
-1.248428e-001 0 -1
-7.304930e-001 4.338507e-002 
1
2
0 0 6 24 0 -1
0 8 6 8 0 3
haar_y3
1.782412e-002 0 -1
-3.823127e-001 2.239207e-001 
1
2
1 3 23 14 0 -1
1 10 23 7 0 2
haar_y2
-1.858362e-001 0 -1
5.273486e-001 -1.623208e-001 
1
2
0 3 24 15 0 -1
8 3 8 15 0 3
haar_x3
1.502154e-001 0 -1
-1.710398e-001 3.543117e-001 
1
2
7 13 11 3 0 -1
7 14 11 1 0 3
haar_y3
8.523399e-003 0 -1
5.224168e-002 -7.378877e-001 
1
2
5 15 8 5 0 -1
9 15 4 5 0 2
haar_x2
-2.049550e-003 0 -1
2.574483e-001 -2.242371e-001 
1
3
4 1 20 16 0 -1
14 1 10 8 0 2
4 9 10 8 0 2
haar_x2_y2
-9.957264e-002 0 -1
2.689725e-001 -7.510388e-002 
1
2
0 0 22 4 0 -1
11 0 11 4 0 2
haar_x2
-2.023640e-002 0 -1
-5.632030e-001 8.698891e-002 
1
2
9 20 15 4 0 -1
9 22 15 2 0 2
haar_y2
-1.348399e-002 0 -1
2.074933e-001 -1.722499e-001 
1
2
0 14 20 3 0 -1
0 15 20 1 0 3
haar_y3
1.359683e-002 0 -1
5.543149e-002 -7.990503e-001 
1
2
4 0 18 1 0 -1
4 0 9 1 0 2
haar_x2
-9.824505e-003 0 -1
-5.293019e-001 5.662237e-002 
1
2
12 0 12 2 0 -1
12 0 12 1 0 2
tilted_haar_y2
1.374715e-002 0 -1
-8.330280e-002 6.955076e-001 
1
2
12 0 12 2 0 -1
15 3 6 2 0 2
tilted_haar_y4
8.834156e-002 0 -1
8.907863e-003 9.360170e-001 
1
2
12 0 2 12 0 -1
9 3 2 6 0 2
tilted_haar_y4
-2.272929e-002 0 -1
-7.743345e-001 7.608917e-002 
1
2
2 14 22 6 0 -1
2 17 22 3 0 2
haar_y2
-1.629188e-002 0 -1
9.723963e-002 -3.206538e-001 
1
2
3 3 18 18 0 -1
3 12 18 9 0 2
haar_y2
2.843819e-001 0 -1
-8.498366e-002 7.047958e-001 
1
2
12 0 4 12 0 -1
13 1 2 12 0 2
tilted_haar_y4
-1.519977e-002 0 -1
3.356347e-001 -2.533507e-002 
1
2
12 0 12 4 0 -1
11 1 12 2 0 2
tilted_haar_y4
1.830338e-002 0 -1
-1.103643e-001 4.927078e-001 
1
2
6 12 14 3 0 -1
6 13 14 1 0 3
haar_y3
9.383049e-003 0 -1
7.019293e-002 -6.008440e-001 
1
2
12 0 12 8 0 -1
10 2 12 4 0 2
tilted_haar_y4
1.065993e-001 0 -1
-9.001743e-002 6.058813e-001 
1
2
11 4 12 12 0 -1
15 4 4 12 0 3
haar_x3
2.103499e-001 0 -1
2.642066e-002 -7.740359e-001 
1
2
4 1 1 4 0 -1
3 2 1 2 0 2
tilted_haar_y4
-1.700675e-003 0 -1
-5.209843e-001 9.146032e-002 
1
2
12 0 4 20 0 -1
13 0 2 20 0 2
haar_x4
2.127307e-002 0 -1
7.330397e-003 -7.395758e-001 
-1.249276e+000

7
-1
