7
1
2
0 0 24 12 0 -1
0 6 24 6 0 2
haar_y2
3.778433e-002 0 -1
-7.131024e-001 5.713570e-001 
1
2
6 3 16 12 0 -1
6 3 8 12 0 2
haar_x2
-1.177003e-001 0 -1
7.742990e-001 -2.149329e-001 
1
2
0 4 24 12 0 -1
6 4 12 12 0 2
haar_x4
9.075163e-002 0 -1
-3.636341e-001 7.784913e-001 
1
2
0 15 24 9 0 -1
8 15 8 9 0 3
haar_x3
-1.018177e-001 0 -1
8.469315e-001 -3.254595e-001 
1
2
0 5 24 10 0 -1
8 5 8 10 0 3
haar_x3
2.330594e-001 0 -1
-1.774663e-001 8.920467e-001 
1
2
6 16 18 7 0 -1
12 16 6 7 0 3
haar_x3
-5.545732e-002 0 -1
5.923610e-001 -6.910781e-002 
1
2
4 0 16 8 0 -1
4 4 16 4 0 2
haar_y2
2.541044e-003 0 -1
-4.815654e-001 3.482462e-001 
-1.515457e+000

-1
-1
