40
1
2
0 7 20 13 0 -1
10 7 10 13 0 2
haar_x2
2.468545e-001 0 -1
-2.435409e-001 5.126709e-001 
1
2
0 0 24 24 0 -1
8 8 8 8 0 9
haar_point
1.335829e+000 0 -1
-1.221625e-001 5.672498e-001 
1
3
3 3 14 10 0 -1
3 3 7 5 0 2
10 8 7 5 0 2
haar_x2_y2
-2.314716e-002 0 -1
3.661810e-001 -2.125753e-001 
1
2
14 16 9 8 0 -1
14 20 9 4 0 2
haar_y2
-3.422809e-002 0 -1
1.449516e-001 -1.288821e-001 
1
2
2 16 1 8 0 -1
2 20 1 4 0 2
haar_y2
-5.114456e-003 0 -1
3.446092e-001 -1.751400e-001 
1
2
12 2 8 12 0 -1
12 2 4 12 0 2
tilted_haar_y2
-6.196938e-002 0 -1
1.607843e-001 -7.072250e-002 
1
2
12 2 12 8 0 -1
12 2 12 4 0 2
tilted_haar_y2
1.876447e-001 0 -1
-1.096405e-001 4.681825e-001 
1
2
4 2 20 18 0 -1
9 2 10 18 0 2
haar_x4
-1.551135e-001 0 -1
3.672312e-001 -3.521813e-002 
1
2
0 2 20 18 0 -1
5 2 10 18 0 2
haar_x4
1.499603e-001 0 -1
-1.122218e-001 4.479488e-001 
1
2
8 17 15 7 0 -1
13 17 5 7 0 3
haar_x3
4.356772e-002 0 -1
-6.592955e-002 2.492348e-001 
1
2
9 0 2 8 0 -1
9 0 2 4 0 2
tilted_haar_y2
1.720902e-002 0 -1
3.487931e-002 -7.598931e-001 
1
2
14 2 6 14 0 -1
14 2 3 14 0 2
tilted_haar_y2
-2.026865e-001 0 -1
4.898350e-001 -2.232505e-003 
1
2
12 0 12 10 0 -1
12 0 12 5 0 2
tilted_haar_y2
7.862607e-002 0 -1
-2.735022e-001 2.066927e-001 
1
2
0 0 24 3 0 -1
8 1 8 1 0 9
haar_point
-3.087217e-002 0 -1
-5.456442e-001 9.502517e-002 
1
2
4 0 7 24 0 -1
4 8 7 8 0 3
haar_y3
2.267791e-004 0 -1
-5.050766e-001 9.182766e-002 
1
2
23 11 1 3 0 -1
23 12 1 1 0 3
haar_y3
1.671135e-003 0 -1
2.146463e-002 -5.712390e-001 
1
2
0 14 14 10 0 -1
0 19 14 5 0 2
haar_y2
-2.243824e-001 0 -1
-8.723071e-001 4.299077e-002 
1
2
18 10 6 4 0 -1
18 11 6 2 0 2
haar_y4
1.044101e-002 0 -1
1.815168e-002 -5.704197e-001 
1
2
1 5 22 12 0 -1
1 11 22 6 0 2
haar_y2
1.823461e-001 0 -1
-7.671571e-002 5.747782e-001 
1
2
1 0 23 15 0 -1
1 5 23 5 0 3
haar_y3
1.633208e-001 0 -1
-1.840350e-001 2.719067e-001 
1
2
4 2 4 4 0 -1
4 2 4 2 0 2
tilted_haar_y2
-4.992433e-003 0 -1
-3.817294e-001 1.258197e-001 
1
2
14 0 3 3 0 -1
15 0 1 3 0 3
haar_x3
-3.384106e-003 0 -1
-8.726377e-001 1.798313e-002 
1
2
0 5 24 6 0 -1
0 8 24 3 0 2
haar_y2
4.799856e-002 0 -1
-1.451108e-001 2.824877e-001 
1
2
11 8 11 6 0 -1
11 10 11 2 0 3
haar_y3
-4.982922e-002 0 -1
-8.715685e-001 1.750719e-002 
1
2
2 8 11 6 0 -1
2 10 11 2 0 3
haar_y3
2.537113e-002 0 -1
7.525466e-002 -6.081704e-001 
1
3
5 6 14 6 0 -1
12 6 7 3 0 2
5 9 7 3 0 2
haar_x2_y2
8.701516e-003 0 -1
-1.673347e-001 2.477667e-001 
1
2
6 0 1 24 0 -1
6 12 1 12 0 2
haar_y2
-1.111296e-002 0 -1
2.459955e-001 -1.619593e-001 
1
2
12 1 2 11 0 -1
12 1 1 11 0 2
tilted_haar_y2
-2.557713e-002 0 -1
3.003316e-001 -1.642203e-002 
1
2
12 1 12 2 0 -1
12 1 12 1 0 2
tilted_haar_y2
-2.242172e-002 0 -1
5.425045e-001 -7.165280e-002 
1
2
3 1 21 12 0 -1
10 5 7 4 0 9
haar_point
7.368400e-003 0 -1
2.100926e-001 -9.010056e-002 
1
2
0 10 6 3 0 -1
0 11 6 1 0 3
haar_y3
-3.424208e-004 0 -1
-2.312533e-001 1.669580e-001 
1
2
9 0 14 24 0 -1
9 0 7 24 0 2
haar_x2
2.783602e-001 0 -1
-4.043264e-002 3.706617e-001 
1
2
2 0 20 10 0 -1
12 0 10 10 0 2
haar_x2
5.619641e-002 0 -1
-1.823785e-001 1.991725e-001 
1
2
2 0 20 1 0 -1
2 0 10 1 0 2
haar_x2
-1.164790e-002 0 -1
-5.987206e-001 7.019994e-002 
1
3
5 22 2 2 0 -1
5 22 1 1 0 2
6 23 1 1 0 2
haar_x2_y2
6.355795e-004 0 -1
6.220208e-002 -5.398737e-001 
1
2
13 1 6 21 0 -1
15 1 2 21 0 3
haar_x3
8.254886e-002 0 -1
1.075810e-002 -8.117505e-001 
1
2
0 21 16 2 0 -1
0 22 16 1 0 2
haar_y2
-2.484873e-003 0 -1
1.930882e-001 -2.048943e-001 
1
2
14 23 4 1 0 -1
15 23 2 1 0 2
haar_x4
-3.939611e-003 0 -1
-9.442168e-001 8.102596e-003 
1
3
10 1 2 2 0 -1
10 1 1 1 0 2
11 2 1 1 0 2
haar_x2_y2
1.433261e-003 0 -1
3.185070e-002 -9.756952e-001 
1
2
13 2 6 21 0 -1
15 2 2 21 0 3
haar_x3
-7.531482e-002 0 -1
-9.373720e-001 -1.067364e-003 
-1.093501e+000

9
-1
