21
1
2
3 0 18 24 0 -1
3 6 18 12 0 2
haar_y4
2.446719e-001 0 -1
-4.986303e-001 4.301160e-001 
1
2
12 0 12 1 0 -1
12 0 6 1 0 2
tilted_haar_y2
7.235421e-003 0 -1
4.226759e-002 -2.198047e-001 
1
2
12 0 1 12 0 -1
12 0 1 6 0 2
tilted_haar_y2
-6.721666e-003 0 -1
-5.609367e-001 2.640084e-001 
1
2
20 0 4 21 0 -1
20 7 4 7 0 3
haar_y3
2.662221e-002 0 -1
1.094338e-001 -6.857367e-002 
1
2
0 0 4 21 0 -1
0 7 4 7 0 3
haar_y3
-2.326820e-002 0 -1
-7.140965e-001 1.662850e-001 
1
2
0 0 24 24 0 -1
8 8 8 8 0 9
haar_point
1.292121e+000 0 -1
-1.920298e-001 7.334564e-001 
1
2
2 8 16 14 0 -1
6 8 8 14 0 2
haar_x4
-5.516722e-002 0 -1
4.281754e-001 -2.819289e-001 
1
2
2 0 22 1 0 -1
2 0 11 1 0 2
haar_x2
-8.680534e-003 0 -1
-5.286018e-001 1.967034e-001 
1
3
5 1 14 16 0 -1
5 1 7 8 0 2
12 9 7 8 0 2
haar_x2_y2
-7.787015e-002 0 -1
5.071253e-001 -2.124926e-001 
1
2
15 0 8 2 0 -1
17 2 4 2 0 2
tilted_haar_y4
-2.580262e-002 0 -1
-8.329274e-001 7.282734e-002 
1
2
9 0 2 8 0 -1
7 2 2 4 0 2
tilted_haar_y4
-8.212540e-003 0 -1
-5.923089e-001 1.493994e-001 
1
2
11 12 9 3 0 -1
11 13 9 1 0 3
haar_y3
-5.800153e-003 0 -1
-5.123496e-001 4.703212e-002 
1
2
7 2 4 1 0 -1
8 2 2 1 0 2
haar_x4
-8.527612e-004 0 -1
-6.917631e-001 1.267506e-001 
1
2
2 8 20 4 0 -1
2 8 10 4 0 2
haar_x2
-1.060320e-001 0 -1
5.984255e-001 -1.452917e-001 
1
2
4 18 13 6 0 -1
4 21 13 3 0 2
haar_y2
-2.703543e-002 0 -1
3.491479e-001 -2.388944e-001 
1
2
23 10 1 4 0 -1
23 11 1 2 0 2
haar_y4
-2.549793e-003 0 -1
-6.473930e-001 4.366300e-002 
1
2
2 1 20 12 0 -1
2 4 20 6 0 2
haar_y4
5.964012e-002 0 -1
-2.415517e-001 3.333462e-001 
1
2
23 10 1 4 0 -1
23 11 1 2 0 2
haar_y4
2.460809e-003 0 -1
5.433231e-002 -7.663208e-001 
1
2
0 10 1 4 0 -1
0 11 1 2 0 2
haar_y4
-1.259470e-003 0 -1
-7.085215e-001 1.015848e-001 
1
2
1 15 22 2 0 -1
1 16 22 1 0 2
haar_y2
1.861030e-003 0 -1
1.192782e-001 -6.143223e-001 
1
2
0 5 1 18 0 -1
0 14 1 9 0 2
haar_y2
-1.613523e-002 0 -1
-6.046263e-001 1.011261e-001 
-1.342300e+000

3
-1
