25
1
2
0 0 20 24 0 -1
0 6 20 12 0 2
haar_y4
1.215069e-001 0 -1
-6.654928e-001 2.102101e-001 
1
2
23 0 1 14 0 -1
23 7 1 7 0 2
haar_y2
-3.917691e-003 0 -1
-3.587506e-001 4.437190e-002 
1
2
0 0 1 14 0 -1
0 7 1 7 0 2
haar_y2
6.264381e-003 0 -1
2.256967e-001 -6.154507e-001 
1
2
0 0 24 24 0 -1
8 8 8 8 0 9
haar_point
1.446160e+000 0 -1
-1.173739e-001 8.155258e-001 
1
2
4 0 12 5 0 -1
10 0 6 5 0 2
haar_x2
-9.670944e-003 0 -1
-6.451735e-001 9.336602e-002 
1
2
17 9 7 12 0 -1
17 15 7 6 0 2
haar_y2
-3.507515e-002 0 -1
9.897895e-002 -1.158984e-001 
1
2
0 10 5 10 0 -1
0 15 5 5 0 2
haar_y2
6.680410e-003 0 -1
1.409956e-001 -5.570280e-001 
1
2
3 16 21 8 0 -1
3 18 21 4 0 2
haar_y4
1.086648e-002 0 -1
-1.791714e-001 3.577570e-001 
1
2
0 13 21 9 0 -1
7 13 7 9 0 3
haar_x3
-1.096229e-001 0 -1
4.058432e-001 -1.674307e-001 
1
2
1 1 22 1 0 -1
1 1 11 1 0 2
haar_x2
-7.631834e-003 0 -1
-4.871700e-001 1.689288e-001 
1
2
0 10 17 8 0 -1
0 12 17 4 0 2
haar_y4
5.501140e-002 0 -1
5.586836e-002 -8.036721e-001 
1
2
16 6 8 18 0 -1
16 12 8 6 0 3
haar_y3
9.744287e-002 0 -1
-5.936689e-002 1.485494e-001 
1
3
4 0 12 18 0 -1
4 0 6 9 0 2
10 9 6 9 0 2
haar_x2_y2
-8.745404e-002 0 -1
5.701101e-001 -1.359839e-001 
1
2
17 4 6 4 0 -1
17 4 3 4 0 2
tilted_haar_y2
6.375116e-002 0 -1
3.644593e-002 -2.050707e-001 
1
2
4 3 5 4 0 -1
4 3 5 2 0 2
tilted_haar_y2
-1.481596e-002 0 -1
-6.898404e-001 9.405311e-002 
1
2
1 0 23 12 0 -1
1 6 23 6 0 2
haar_y2
1.108436e-001 0 -1
-2.829385e-001 2.287376e-001 
1
2
6 12 6 3 0 -1
6 13 6 1 0 3
haar_y3
-4.941368e-004 0 -1
-3.232955e-001 2.035351e-001 
1
2
22 9 2 3 0 -1
22 10 2 1 0 3
haar_y3
-3.188783e-003 0 -1
-8.188149e-001 4.191791e-002 
1
2
12 0 12 2 0 -1
12 0 12 1 0 2
tilted_haar_y2
1.275902e-002 0 -1
-1.041465e-001 6.504250e-001 
1
2
22 9 2 3 0 -1
22 10 2 1 0 3
haar_y3
4.045747e-003 0 -1
5.301887e-002 -5.785691e-001 
1
2
0 9 2 3 0 -1
0 10 2 1 0 3
haar_y3
-1.866203e-003 0 -1
-7.882085e-001 7.044688e-002 
1
2
13 0 2 2 0 -1
13 0 1 2 0 2
tilted_haar_y2
3.773042e-003 0 -1
2.606747e-002 -6.824105e-001 
1
2
0 17 17 4 0 -1
0 19 17 2 0 2
haar_y2
-8.195028e-003 0 -1
1.786565e-001 -3.149743e-001 
1
2
20 3 3 5 0 -1
21 3 1 5 0 3
haar_x3
3.966536e-003 0 -1
3.551743e-002 -5.899686e-001 
1
2
3 5 16 14 0 -1
3 12 16 7 0 2
haar_y2
-6.685233e-002 0 -1
2.135634e-001 -2.486316e-001 
-1.231562e+000

5
-1
