34
1
2
0 1 18 16 0 -1
9 1 9 16 0 2
haar_x2
1.325385e-001 0 -1
-3.660620e-001 3.710811e-001 
1
2
17 0 7 24 0 -1
17 8 7 8 0 3
haar_y3
1.141945e-001 0 -1
-9.507877e-002 9.718350e-002 
1
2
0 0 7 24 0 -1
0 8 7 8 0 3
haar_y3
-1.559420e-002 0 -1
-6.602193e-001 1.302911e-001 
1
2
0 8 24 9 0 -1
6 8 12 9 0 2
haar_x4
2.273299e-001 0 -1
-1.126185e-001 5.728204e-001 
1
2
3 14 18 10 0 -1
9 14 6 10 0 3
haar_x3
-6.582372e-002 0 -1
3.159199e-001 -2.321971e-001 
1
2
8 0 16 1 0 -1
8 0 8 1 0 2
haar_x2
-5.902649e-003 0 -1
-5.402737e-001 7.896842e-002 
1
2
0 0 24 1 0 -1
6 0 12 1 0 2
haar_x4
5.362255e-003 0 -1
1.196764e-001 -4.804260e-001 
1
2
2 9 20 3 0 -1
2 10 20 1 0 3
haar_y3
1.431527e-002 0 -1
6.812047e-002 -8.030449e-001 
1
2
0 1 24 10 0 -1
0 6 24 5 0 2
haar_y2
3.187050e-002 0 -1
-3.572481e-001 1.327716e-001 
1
2
20 3 4 4 0 -1
20 3 2 4 0 2
tilted_haar_y2
-1.894784e-002 0 -1
-3.541979e-001 5.955790e-002 
1
2
12 0 12 4 0 -1
12 0 12 2 0 2
tilted_haar_y2
4.491009e-002 0 -1
-1.065893e-001 5.261289e-001 
1
2
11 4 12 20 0 -1
11 4 6 20 0 2
haar_x2
6.296439e-002 0 -1
-8.157699e-002 2.007969e-001 
1
2
12 3 12 6 0 -1
12 3 12 3 0 2
tilted_haar_y2
1.610047e-001 0 -1
-7.080784e-002 7.883532e-001 
1
2
6 16 18 8 0 -1
6 20 18 4 0 2
haar_y2
-1.061685e-001 0 -1
2.160965e-001 -1.049784e-001 
1
2
0 0 10 7 0 -1
5 0 5 7 0 2
haar_x2
-1.391020e-002 0 -1
-6.161109e-001 8.315361e-002 
1
2
12 14 11 3 0 -1
12 15 11 1 0 3
haar_y3
1.015881e-002 0 -1
2.582001e-002 -6.551722e-001 
1
2
4 15 16 2 0 -1
4 16 16 1 0 2
haar_y2
-1.691255e-003 0 -1
1.821101e-001 -3.107599e-001 
1
3
6 4 12 6 0 -1
12 4 6 3 0 2
6 7 6 3 0 2
haar_x2_y2
3.312904e-002 0 -1
-8.358681e-002 6.086968e-001 
1
3
6 5 10 6 0 -1
6 5 5 3 0 2
11 8 5 3 0 2
haar_x2_y2
1.898947e-002 0 -1
-8.934718e-002 4.933712e-001 
1
2
11 3 12 16 0 -1
15 3 4 16 0 3
haar_x3
2.589180e-002 0 -1
-8.112577e-002 7.416765e-002 
1
2
1 3 12 14 0 -1
5 3 4 14 0 3
haar_x3
3.822095e-002 0 -1
-1.425563e-001 3.690565e-001 
1
3
1 1 22 8 0 -1
12 1 11 4 0 2
1 5 11 4 0 2
haar_x2_y2
-5.948307e-002 0 -1
4.261286e-001 -1.336554e-001 
1
2
4 11 1 3 0 -1
4 12 1 1 0 3
haar_y3
9.012243e-004 0 -1
9.584758e-002 -5.701746e-001 
1
2
6 1 12 1 0 -1
6 1 6 1 0 2
haar_x2
3.416431e-003 0 -1
7.850392e-002 -5.237566e-001 
1
2
6 5 12 17 0 -1
10 5 4 17 0 3
haar_x3
-1.831084e-001 0 -1
-9.042436e-001 5.146500e-002 
1
2
23 2 1 22 0 -1
23 13 1 11 0 2
haar_y2
4.733518e-002 0 -1
-6.911433e-003 -8.079863e-001 
1
2
0 2 1 22 0 -1
0 13 1 11 0 2
haar_y2
-3.038289e-004 0 -1
1.598270e-001 -2.698187e-001 
1
2
23 6 1 16 0 -1
23 14 1 8 0 2
haar_y2
-1.013138e-002 0 -1
-1.606689e-001 5.744626e-002 
1
2
0 6 1 16 0 -1
0 14 1 8 0 2
haar_y2
-1.376832e-002 0 -1
-5.968823e-001 8.168191e-002 
1
3
7 17 14 6 0 -1
14 17 7 3 0 2
7 20 7 3 0 2
haar_x2_y2
-2.759673e-002 0 -1
2.064327e-001 -5.499429e-002 
1
2
3 4 3 2 0 -1
3 4 3 1 0 2
tilted_haar_y2
4.646556e-003 0 -1
5.886769e-002 -6.807263e-001 
1
2
15 1 8 19 0 -1
17 1 4 19 0 2
haar_x4
6.494666e-003 0 -1
-1.363545e-001 1.291054e-001 
1
2
0 0 24 8 0 -1
0 4 24 4 0 2
haar_y2
5.204758e-002 0 -1
-2.145136e-001 2.110208e-001 
1
2
2 3 21 12 0 -1
2 7 21 4 0 3
haar_y3
-7.537793e-002 0 -1
4.989844e-001 -8.352086e-002 
-1.076847e+000

8
-1
