22
1
2
2 16 20 8 0 -1
2 20 20 4 0 2
haar_y2
-6.835119e-002 0 -1
3.826866e-001 -4.286246e-001 
1
2
6 7 18 6 0 -1
6 7 9 6 0 2
haar_x2
1.302233e-001 0 -1
-5.713649e-002 5.294626e-001 
1
2
0 5 20 10 0 -1
10 5 10 10 0 2
haar_x2
1.745854e-001 0 -1
-3.216863e-001 5.290417e-001 
1
2
4 0 20 1 0 -1
4 0 10 1 0 2
haar_x2
-1.387736e-002 0 -1
-7.371840e-001 1.229078e-001 
1
2
0 0 24 20 0 -1
0 5 24 10 0 2
haar_y4
1.487912e-001 0 -1
-3.846527e-001 2.766485e-001 
1
2
0 15 24 6 0 -1
6 15 12 6 0 2
haar_x4
-7.639563e-002 0 -1
5.248107e-001 -1.929841e-001 
1
2
0 6 24 14 0 -1
6 6 12 14 0 2
haar_x4
2.379701e-001 0 -1
-1.437549e-001 6.127268e-001 
1
2
4 0 20 2 0 -1
9 0 10 2 0 2
haar_x4
1.803518e-002 0 -1
5.143406e-002 -6.184784e-001 
1
2
1 0 18 4 0 -1
10 0 9 4 0 2
haar_x2
-1.479079e-002 0 -1
-6.819909e-001 1.386408e-001 
1
2
23 0 1 24 0 -1
23 12 1 12 0 2
haar_y2
-2.237302e-003 0 -1
-8.769710e-002 5.615349e-002 
1
2
0 0 1 24 0 -1
0 12 1 12 0 2
haar_y2
1.726312e-002 0 -1
1.302635e-001 -7.298731e-001 
1
2
21 3 2 3 0 -1
21 3 1 3 0 2
haar_x2
-6.022588e-004 0 -1
-3.656847e-001 8.693723e-002 
1
2
1 3 2 3 0 -1
2 3 1 3 0 2
haar_x2
-1.681561e-003 0 -1
-7.988210e-001 1.040431e-001 
1
2
14 0 10 3 0 -1
14 0 5 3 0 2
tilted_haar_y2
4.876507e-003 0 -1
2.571370e-002 -1.387802e-001 
1
2
10 0 3 10 0 -1
10 0 3 5 0 2
tilted_haar_y2
3.659903e-002 0 -1
1.139432e-001 -5.974196e-001 
1
2
7 0 11 20 0 -1
7 10 11 10 0 2
haar_y2
-1.437641e-001 0 -1
3.652844e-001 -1.884488e-001 
1
2
10 0 4 1 0 -1
11 0 2 1 0 2
haar_x4
1.292435e-003 0 -1
9.338457e-002 -8.096219e-001 
1
2
12 0 4 12 0 -1
12 0 2 12 0 2
tilted_haar_y2
-7.044083e-002 0 -1
4.499587e-001 -5.583185e-002 
1
2
2 12 6 2 0 -1
2 13 6 1 0 2
haar_y2
-4.200689e-003 0 -1
-6.718919e-001 1.096161e-001 
1
2
3 9 18 10 0 -1
3 9 9 10 0 2
haar_x2
-2.810212e-001 0 -1
8.028985e-001 -1.041422e-001 
1
2
1 1 15 18 0 -1
6 1 5 18 0 3
haar_x3
9.091879e-002 0 -1
-1.114347e-001 4.651999e-001 
1
3
6 2 12 6 0 -1
12 2 6 3 0 2
6 5 6 3 0 2
haar_x2_y2
-3.071332e-002 0 -1
5.927150e-001 -1.038329e-001 
-1.210343e+000

4
-1
