42
1
2
9 20 6 2 0 -1
9 21 6 1 0 2
haar_y2
-1.456926e-003 0 -1
2.955720e-001 -2.598905e-001 
1
2
4 0 20 12 0 -1
4 0 10 12 0 2
haar_x2
2.865441e-001 0 -1
2.171542e-002 -7.771837e-001 
1
2
0 4 24 10 0 -1
8 4 8 10 0 3
haar_x3
2.505175e-001 0 -1
-1.405401e-001 3.832511e-001 
1
2
9 1 12 12 0 -1
12 1 6 12 0 2
haar_x4
2.547783e-002 0 -1
-1.690675e-001 1.619375e-001 
1
2
0 0 20 16 0 -1
5 0 10 16 0 2
haar_x4
-5.530851e-002 0 -1
3.490905e-001 -2.499904e-001 
1
2
13 12 9 12 0 -1
13 18 9 6 0 2
haar_y2
-2.130566e-001 0 -1
-3.894295e-001 7.676004e-002 
1
2
2 6 12 16 0 -1
2 10 12 8 0 2
haar_y4
5.659606e-002 0 -1
-2.790799e-001 2.162520e-001 
1
2
18 0 3 10 0 -1
19 0 1 10 0 3
haar_x3
6.576141e-003 0 -1
8.254078e-002 -7.149054e-001 
1
2
0 0 24 3 0 -1
12 0 12 3 0 2
haar_x2
2.106922e-002 0 -1
5.413762e-002 -4.612023e-001 
1
2
18 0 3 10 0 -1
19 0 1 10 0 3
haar_x3
-3.791264e-003 0 -1
-4.747164e-001 6.199972e-002 
1
2
6 0 4 6 0 -1
4 2 4 2 0 3
tilted_haar_y3
-1.131839e-002 0 -1
-5.661955e-001 7.783540e-002 
1
2
13 4 8 12 0 -1
13 4 4 12 0 2
tilted_haar_y2
3.082108e-001 0 -1
-1.116120e-002 7.316540e-001 
1
2
3 15 8 1 0 -1
3 15 4 1 0 2
tilted_haar_x2
3.199661e-002 0 -1
4.855448e-002 -7.927797e-001 
1
3
10 19 12 4 0 -1
16 19 6 2 0 2
10 21 6 2 0 2
haar_x2_y2
-2.541522e-002 0 -1
-5.157641e-001 1.186004e-002 
1
2
0 7 17 12 0 -1
0 10 17 6 0 2
haar_y4
1.120948e-001 0 -1
8.031435e-002 -5.296406e-001 
1
2
12 0 2 12 0 -1
12 0 1 12 0 2
tilted_haar_y2
-2.518915e-002 0 -1
2.304158e-001 -2.065325e-002 
1
2
12 0 12 2 0 -1
12 0 12 1 0 2
tilted_haar_y2
1.370976e-002 0 -1
-6.020973e-002 6.547090e-001 
1
2
13 4 8 12 0 -1
13 4 4 12 0 2
tilted_haar_y2
-1.601057e-001 0 -1
3.175535e-001 -1.959823e-002 
1
2
0 10 16 14 0 -1
0 17 16 7 0 2
haar_y2
-6.240420e-002 0 -1
1.011504e-001 -4.151702e-001 
1
2
10 22 14 1 0 -1
10 22 7 1 0 2
haar_x2
7.763776e-003 0 -1
-6.114791e-002 2.175405e-001 
1
2
0 0 4 9 0 -1
1 0 2 9 0 2
haar_x4
3.821806e-003 0 -1
6.290106e-002 -6.360770e-001 
1
2
10 22 14 1 0 -1
10 22 7 1 0 2
haar_x2
3.022037e-002 0 -1
1.029859e-002 -7.959580e-001 
1
2
0 22 14 1 0 -1
7 22 7 1 0 2
haar_x2
-1.400051e-002 0 -1
-5.029122e-001 7.664543e-002 
1
2
4 15 16 9 0 -1
8 15 8 9 0 2
haar_x4
-3.453227e-002 0 -1
2.451278e-001 -1.720515e-001 
1
2
8 4 12 1 0 -1
12 8 4 1 0 3
tilted_haar_x3
-2.582965e-002 0 -1
-7.299477e-001 7.166892e-002 
1
3
22 0 2 2 0 -1
23 0 1 1 0 2
22 1 1 1 0 2
haar_x2_y2
-4.257198e-004 0 -1
-3.892154e-001 4.056663e-002 
1
2
7 22 9 2 0 -1
7 23 9 1 0 2
haar_y2
-1.849129e-003 0 -1
2.377108e-001 -1.450178e-001 
1
2
6 16 12 8 0 -1
6 18 12 4 0 2
haar_y4
-2.380338e-002 0 -1
3.401885e-001 -1.177353e-001 
1
2
4 16 10 6 0 -1
4 18 10 2 0 3
haar_y3
4.039630e-003 0 -1
-1.636859e-001 2.645664e-001 
1
3
19 20 2 2 0 -1
20 20 1 1 0 2
19 21 1 1 0 2
haar_x2_y2
-2.120970e-003 0 -1
-6.417776e-001 2.139372e-002 
1
3
3 20 2 2 0 -1
3 20 1 1 0 2
4 21 1 1 0 2
haar_x2_y2
3.400145e-004 0 -1
9.964314e-002 -4.025171e-001 
1
2
12 2 12 13 0 -1
15 2 6 13 0 2
haar_x4
7.293250e-002 0 -1
-7.208125e-002 3.028474e-001 
1
2
0 0 24 24 0 -1
8 8 8 8 0 9
haar_point
1.599655e+000 0 -1
-7.252427e-002 5.250258e-001 
1
2
18 18 1 6 0 -1
18 21 1 3 0 2
haar_y2
2.805275e-003 0 -1
-4.145252e-002 4.487297e-001 
1
2
12 2 3 6 0 -1
13 3 1 6 0 3
tilted_haar_x3
7.140915e-003 0 -1
-7.620693e-002 4.182970e-001 
1
2
18 0 3 10 0 -1
19 0 1 10 0 3
haar_x3
-1.111364e-002 0 -1
-1.000000e+000 1.527398e-002 
1
3
0 0 2 2 0 -1
0 0 1 1 0 2
1 1 1 1 0 2
haar_x2_y2
-7.157518e-004 0 -1
-6.114759e-001 4.901977e-002 
1
2
12 2 4 11 0 -1
12 2 2 11 0 2
tilted_haar_y2
-1.100717e-001 0 -1
7.446685e-001 -2.033825e-002 
1
2
12 2 11 4 0 -1
12 2 11 2 0 2
tilted_haar_y2
5.753785e-002 0 -1
-6.508724e-002 5.056199e-001 
1
2
0 21 24 2 0 -1
0 22 24 1 0 2
haar_y2
-5.629544e-003 0 -1
2.200874e-001 -1.542550e-001 
1
2
5 18 1 6 0 -1
5 21 1 3 0 2
haar_y2
2.571160e-003 0 -1
-7.450965e-002 6.069701e-001 
1
2
10 12 5 12 0 -1
10 15 5 6 0 2
haar_y4
4.215031e-002 0 -1
5.629053e-002 -5.665725e-001 
-9.824136e-001

12
-1
