41
1
2
1 6 18 18 0 -1
10 6 9 18 0 2
haar_x2
2.359546e-001 0 -1
-2.389363e-001 4.100917e-001 
1
2
0 4 24 20 0 -1
0 9 24 10 0 2
haar_y4
2.770690e-001 0 -1
-1.859075e-001 3.559667e-001 
1
2
0 0 5 20 0 -1
0 5 5 10 0 2
haar_y4
-1.328670e-002 0 -1
-5.633622e-001 1.062410e-001 
1
2
2 8 20 15 0 -1
7 8 10 15 0 2
haar_x4
-1.018727e-001 0 -1
3.353307e-001 -1.232313e-001 
1
2
0 4 24 16 0 -1
6 4 12 16 0 2
haar_x4
2.480888e-001 0 -1
-1.828999e-001 3.595758e-001 
1
2
5 5 18 12 0 -1
11 9 6 4 0 9
haar_point
-3.588630e-002 0 -1
1.977065e-001 -1.146675e-001 
1
2
0 0 24 10 0 -1
0 5 24 5 0 2
haar_y2
-1.484713e-003 0 -1
-4.416935e-001 9.418171e-002 
1
2
7 13 14 8 0 -1
7 17 14 4 0 2
haar_y2
-1.510554e-002 0 -1
1.392967e-001 -3.816290e-001 
1
2
1 11 21 8 0 -1
1 13 21 4 0 2
haar_y4
7.181395e-002 0 -1
-1.563344e-002 -8.855816e-001 
1
2
8 0 16 2 0 -1
12 0 8 2 0 2
haar_x4
-6.528208e-003 0 -1
-4.507052e-001 8.910089e-002 
1
2
5 0 12 2 0 -1
11 0 6 2 0 2
haar_x2
6.442326e-003 0 -1
1.024097e-001 -3.878739e-001 
1
2
12 7 8 9 0 -1
9 10 8 3 0 3
tilted_haar_x3
-2.819165e-002 0 -1
1.277219e-001 -8.851825e-002 
1
2
7 5 4 17 0 -1
8 5 2 17 0 2
haar_x4
6.381830e-003 0 -1
-8.731426e-002 4.262621e-001 
1
2
8 0 14 3 0 -1
8 1 14 1 0 3
haar_y3
9.803898e-004 0 -1
1.335928e-001 -2.049869e-001 
1
2
7 13 8 6 0 -1
7 15 8 2 0 3
haar_y3
1.161033e-003 0 -1
-2.116456e-001 1.848641e-001 
1
2
12 7 8 9 0 -1
9 10 8 3 0 3
tilted_haar_x3
-1.484381e-001 0 -1
3.706211e-001 -1.128712e-002 
1
2
12 7 9 8 0 -1
15 10 3 8 0 3
tilted_haar_x3
1.165110e-001 0 -1
6.839754e-002 -6.441048e-001 
1
2
11 12 7 3 0 -1
11 13 7 1 0 3
haar_y3
4.453294e-005 0 -1
-1.517874e-001 1.277585e-001 
1
2
7 0 4 3 0 -1
7 1 4 1 0 3
haar_y3
-2.446212e-003 0 -1
-4.988182e-001 7.575974e-002 
1
2
0 1 24 1 0 -1
0 1 12 1 0 2
haar_x2
5.606832e-003 0 -1
8.474901e-002 -4.461740e-001 
1
2
0 7 14 17 0 -1
7 7 7 17 0 2
haar_x2
-2.268654e-001 0 -1
-7.810461e-001 4.588382e-002 
1
2
12 4 6 12 0 -1
14 6 2 12 0 3
tilted_haar_y3
1.709962e-001 0 -1
-2.854184e-002 9.708241e-001 
1
2
1 5 16 18 0 -1
5 5 8 18 0 2
haar_x4
-5.545500e-002 0 -1
2.845967e-001 -1.400543e-001 
1
2
16 6 1 12 0 -1
16 6 1 6 0 2
tilted_haar_x2
-2.634672e-003 0 -1
2.457848e-001 -5.721159e-002 
1
2
12 9 10 1 0 -1
12 9 5 1 0 2
tilted_haar_x2
-1.546647e-002 0 -1
-5.951083e-001 8.960119e-002 
1
2
6 15 13 9 0 -1
6 18 13 3 0 3
haar_y3
7.309008e-003 0 -1
-1.679360e-001 2.116861e-001 
1
2
5 12 13 6 0 -1
5 15 13 3 0 2
haar_y2
-6.912743e-003 0 -1
1.125468e-001 -3.173063e-001 
1
2
12 0 4 12 0 -1
12 0 2 12 0 2
tilted_haar_y2
-1.199810e-001 0 -1
7.079200e-001 -2.042754e-002 
1
2
2 0 18 24 0 -1
8 8 6 8 0 9
haar_point
3.007015e-001 0 -1
2.362239e-001 -1.828995e-001 
1
2
7 2 16 22 0 -1
11 2 8 22 0 2
haar_x4
1.239580e-001 0 -1
-8.571509e-002 1.998011e-001 
1
2
0 2 16 22 0 -1
4 2 8 22 0 2
haar_x4
8.858953e-002 0 -1
-1.205655e-001 4.127050e-001 
1
2
8 18 16 2 0 -1
8 19 16 1 0 2
haar_y2
-3.971003e-004 0 -1
8.349116e-002 -1.741659e-001 
1
2
0 13 14 7 0 -1
7 13 7 7 0 2
haar_x2
-2.232601e-003 0 -1
2.136106e-001 -1.801955e-001 
1
3
8 2 14 12 0 -1
15 2 7 6 0 2
8 8 7 6 0 2
haar_x2_y2
6.347523e-002 0 -1
-3.628907e-002 1.399229e-001 
1
2
1 9 20 14 0 -1
11 9 10 14 0 2
haar_x2
4.812851e-001 0 -1
-4.312620e-002 9.999971e-001 
1
2
0 2 24 2 0 -1
6 2 12 2 0 2
haar_x4
-1.053107e-002 0 -1
-4.294756e-001 9.638100e-002 
1
2
8 10 4 9 0 -1
9 10 2 9 0 2
haar_x4
3.694186e-003 0 -1
-1.031532e-001 3.643830e-001 
1
2
13 8 5 8 0 -1
13 8 5 4 0 2
tilted_haar_x2
1.086902e-001 0 -1
-3.084956e-002 1.861806e-001 
1
2
11 8 8 5 0 -1
11 8 4 5 0 2
tilted_haar_x2
1.242115e-001 0 -1
6.737266e-002 -5.660967e-001 
1
2
8 9 11 3 0 -1
8 10 11 1 0 3
haar_y3
1.038034e-002 0 -1
3.314560e-002 -5.512974e-001 
1
2
11 0 3 9 0 -1
8 3 3 3 0 3
tilted_haar_y3
-9.385308e-003 0 -1
-3.736749e-001 9.903468e-002 
-9.680535e-001

10
-1
