10
1
2
0 4 18 10 0 -1
9 4 9 10 0 2
haar_x2
8.589192e-002 0 -1
-4.660169e-001 5.751451e-001 
1
2
6 10 18 14 0 -1
6 17 18 7 0 2
haar_y2
-1.108267e-001 0 -1
3.822427e-001 -5.192631e-001 
1
2
9 0 12 9 0 -1
13 4 4 9 0 3
tilted_haar_x3
1.419600e-001 0 -1
-2.175083e-001 7.444018e-001 
1
2
3 5 21 19 0 -1
10 5 7 19 0 3
haar_x3
-1.602503e-001 0 -1
5.967410e-001 -1.911779e-001 
1
2
5 5 14 18 0 -1
12 5 7 18 0 2
haar_x2
2.069857e-001 0 -1
-2.084332e-001 8.275684e-001 
1
2
0 0 24 10 0 -1
0 5 24 5 0 2
haar_y2
-1.246487e-003 0 -1
-5.367557e-001 3.162839e-001 
1
2
0 6 24 10 0 -1
6 6 12 10 0 2
haar_x4
1.025712e-001 0 -1
-2.368366e-001 5.553355e-001 
1
2
3 8 20 14 0 -1
8 8 10 14 0 2
haar_x4
-6.631327e-002 0 -1
5.599629e-001 -3.154349e-001 
1
2
3 0 3 10 0 -1
4 0 1 10 0 3
haar_x3
-4.302033e-003 0 -1
-7.563880e-001 2.065962e-001 
1
2
18 2 3 7 0 -1
19 2 1 7 0 3
haar_x3
-6.554671e-003 0 -1
-9.295227e-001 6.529237e-002 
-1.518032e+000

0
-1
